302.7133385022199 129.92348960144463 455.19385581211407 394.52708941045796 53.62808941782396 
103.75551917535284 485.1439162872914 348.4723195637927 38.939454052353824 472.4577253109884 
141.2885140849046 30.9780374362229 417.45762539576015 550.262827765119 494.4936812055958 
501.75085189292577 282.0829026524862 350.08297290752466 85.67433765378546 472.68773524671275 
516.8032210302817 181.42202001706409 570.0415454335358 403.09672953025927 34.245784063931644 
395.83444696033644 197.76327418319778 392.07345354642507 593.0017111177477 466.64921625098253 
305.25761009166905 429.7522087878364 143.94242719121036 339.6776152751082 341.3369128208217 
319.1501537462928 404.7463723954812 541.6237111942153 302.42194595424087 330.3237068013879 
511.85504879781865 82.91617950126536 201.04436499742843 198.5555980350742 349.0768970649969 
341.68027638136533 141.85678961528828 228.29135912264732 102.05801613241208 465.5687362044405 
529.3687502547325 614.5442930253031 137.8381512747514 578.1702436019797 281.6275346725486 
43.48722536676897 58.71105768222467 426.71431956974527 74.06258661458364 183.9501373336956 
129.60767832927817 457.79135598515313 387.7122810007101 31.54233513982723 28.221104658991575 
457.8065351632024 486.0517323319774 217.11777756636323 217.0919332136643 44.886364369311025 
394.6403846784916 341.3025071911738 586.8728570946892 48.95657532398297 307.8082858335868 
146.8027844675393 169.99122608162537 366.71030190194614 396.5995570643684 490.2128032098513 
73.92821312789297 228.18488819968115 542.1920817435965 225.04055535450544 533.3335401100696 
361.66662015359265 269.01185723776564 257.67083531213495 530.1943334929871 93.64163006472968 
501.76103780669615 387.98391154627774 181.27697785098985 570.5120302838441 520.5782872330789 
496.3487618173116 242.06056919999034 238.79593221439438 438.5501515425576 388.7095740703362 
426.3809836021804 70.53005372976374 475.792298520555 561.4841367145862 191.00398865444703 
170.59378126867165 454.31933885677455 297.9932270747545 384.34639097060995 152.6733494719136 
87.92192810209056 458.13930436707835 108.56383949350904 220.58482134012536 191.27000284955585 
473.05350422185575 94.22411234416882 41.6748491704392 282.4607564469242 206.4297641360041 
36.78458303999173 449.01770702674986 203.23028364834056 94.26454490587506 294.0926267339811 
559.1275347683219 331.0475218643353 324.721178589611 494.1277919470474 441.9044050908624 
507.30917254861816 569.8374287486652 352.2042793983299 429.53306866817127 355.85461930111455 
130.79510129279032 346.8527992747472 301.0530916665057 216.01926247518605 308.47035873334295 
53.60020996390936 529.3190842575784 264.4452555760404 160.9835806395579 485.8659961805593 
127.06989086451888 349.8683269888253 359.967490157864 142.1941012693863 178.82532006731165 
