290.3905801963784 133.23065149647744 452.9733691879431 182.43061554960966 414.91046995512295 
229.04664926649886 353.1391369352639 433.32894272444463 450.2127171671478 75.24729732264983 
270.8160212292975 179.5065564207353 71.42666762805865 489.76179773068725 459.8247061644984 
75.19075782022804 104.8441452206129 50.334482452886235 433.5765641055399 289.9965936707267 
443.17824814964956 124.99518149090515 397.49865091045103 311.69020791820867 274.93970307779165 
78.46343132079585 383.27144875091346 265.7065346220444 59.57123897674337 492.37719079161076 
329.02004279328037 401.8116798811283 304.9806455373261 362.2365249054441 474.59924850317327 
23.30064783517698 329.11310088765555 358.95314344248663 66.11331995786401 259.1212390314513 
312.2034967925392 367.8961840684156 488.81098317200644 204.3144446703225 71.34928275356117 
143.32495179905501 72.49627953460251 79.16224325103337 114.04449385299874 41.09938071394858 
438.59593728573566 182.4331939115925 152.3155843438758 417.55848648423444 383.02381946089156 
39.116617500151875 384.0996983016845 407.45786990439797 413.98316995668944 268.03593476044983 
473.50599561479004 418.8565511691622 188.84719496997232 319.7316956236407 286.60066835434066 
307.84393058948115 219.25863068356438 360.0051707376046 64.35623972366521 320.99747958915236 
338.58895738522426 199.5127523787089 339.40582160617356 18.46176023562667 50.89786991490718 
294.8022333174977 28.24290428529124 15.539373421242056 505.5335267911263 471.1811474533474 
255.50737298189506 505.6845494324591 466.51444495655466 142.8081849102109 91.99823910110315 
152.78992514396992 270.8333352509509 430.39802559596865 13.053918669628509 65.65712844300086 
394.82386848613004 201.93036922422334 508.94051232793674 192.5419115610658 372.7306486046103 
186.75374794492387 403.88869211570767 98.66424157694559 436.6232673126588 438.4746723399479 
65.42006292206574 214.5742723073723 371.7949811649778 47.022901820995216 310.6032946399842 
268.2644754640351 206.78657629265962 125.28326725134058 440.88093387452017 238.91887391983818 
482.1761740931992 220.68487780699252 462.1072620248022 295.18978534818586 467.27544994193505 
427.1380989206128 171.43814211704037 305.8928141872616 318.87302941957705 97.71016685135591 
417.71308337273837 136.0106678311378 301.1656794015159 183.42991985624124 466.9705664722163 
65.89641951568419 311.01766734808956 348.6122470106049 29.73692182755926 296.5669092851112 
77.68938670394998 138.09302895117858 131.72950952716542 128.97681982543867 31.175379601837406 
96.76504865476242 134.61495892729772 30.164070121953426 458.29273929490495 366.8055459432002 
338.4627732432663 424.1572164638474 190.66026565677046 412.9861061691724 222.53534396299844 
170.53543297258426 193.70927049176234 151.45536678370917 506.0544978963995 318.53168294609054 
